| DSID |  Sample  | Total events | Sample Lumi [fb-1] | AMIXsec [pb] | BR  | FiltEff | Total higher order xsec [pb] | K-factor | Higher order xsec sample [pb] | 
| 361374 | mc15_13TeV.361374.Sherpa_CT10_Zee_Pt0_70_BFilter | 2500000 | 14.23 | 2205.9  | 1.0 | 0.079669 | 2066.7294  | 0.9013 | 158.396126791 | 
| 361377 | mc15_13TeV.361377.Sherpa_CT10_Zee_Pt70_140_BFilter | 1115300 | 111.76 | 76.095  | 1.0 | 0.131146 | 2066.7294  | 0.9013 | 8.994572804 | 
| 361380 | mc15_13TeV.361380.Sherpa_CT10_Zee_Pt140_280_BFilter | 987050 | 563.31 | 11.653  | 1.0 | 0.150367 | 2066.7294  | 0.9013 | 1.579281881 | 
| 361383 | mc15_13TeV.361383.Sherpa_CT10_Zee_Pt280_500_BFilter | 300000 | 2509.04 | 0.76542  | 1.0 | 0.156212 | 2066.7294  | 0.9013 | 0.107766448 | 
| 361386 | mc15_13TeV.361386.Sherpa_CT10_Zee_Pt500_700_BFilter | 200000 | 25547.0 | 0.04647  | 1.0 | 0.168468 | 2066.7294  | 0.9013 | 0.007056014 | 
| 361389 | mc15_13TeV.361389.Sherpa_CT10_Zee_Pt700_1000_BFilter | 30000 | 20107.44 | 0.0081564  | 1.0 | 0.182922 | 2066.7294  | 0.9013 | 0.001344726 | 
| 361392 | mc15_13TeV.361392.Sherpa_CT10_Zee_Pt1000_2000_BFilter | 20000 | 98347.33 | 0.0010599  | 1.0 | 0.191868 | 2066.7294  | 0.9013 | 0.000183289 | 
| 361395 | mc15_13TeV.361395.Sherpa_CT10_Zee_Pt2000_E_CMS_BFilter | 9980 | 10833953.03 | 4.1479e-06  | 1.0 | 0.222083 | 2066.7294  | 0.9013 | 8.3e-07 | 
| 361398 | mc15_13TeV.361398.Sherpa_CT10_Zmumu_Pt0_70_BFilter | 2497400 | 14.23 | 2204.4  | 1.0 | 0.079624 | 2066.7294  | 0.9013 | 158.199011129 | 
| 361401 | mc15_13TeV.361401.Sherpa_CT10_Zmumu_Pt70_140_BFilter | 1120000 | 112.95 | 76.107  | 1.0 | 0.130293 | 2066.7294  | 0.9013 | 8.937479488 | 
| 361404 | mc15_13TeV.361404.Sherpa_CT10_Zmumu_Pt140_280_BFilter | 826900 | 479.42 | 11.652  | 1.0 | 0.148024 | 2066.7294  | 0.9013 | 1.554540292 | 
| 361407 | mc15_13TeV.361407.Sherpa_CT10_Zmumu_Pt280_500_BFilter | 300000 | 2384.94 | 0.7716  | 1.0 | 0.163024 | 2066.7294  | 0.9013 | 0.113373913 | 
| 361410 | mc15_13TeV.361410.Sherpa_CT10_Zmumu_Pt500_700_BFilter | 200000 | 24452.85 | 0.046356  | 1.0 | 0.176439 | 2066.7294  | 0.9013 | 0.007371738 | 
| 361413 | mc15_13TeV.361413.Sherpa_CT10_Zmumu_Pt700_1000_BFilter | 30000 | 20844.22 | 0.0080571  | 1.0 | 0.178631 | 2066.7294  | 0.9013 | 0.001297194 | 
| 361416 | mc15_13TeV.361416.Sherpa_CT10_Zmumu_Pt1000_2000_BFilter | 19240 | 91142.76 | 0.0010661  | 1.0 | 0.198009 | 2066.7294  | 0.9013 | 0.000190262 | 
| 361419 | mc15_13TeV.361419.Sherpa_CT10_Zmumu_Pt2000_E_CMS_BFilter | 9990 | 9592388.42 | 4.2224e-06  | 1.0 | 0.246649 | 2066.7294  | 0.9013 | 9.39e-07 | 
| 361422 | mc15_13TeV.361422.Sherpa_CT10_Ztautau_Pt0_70_BFilter | 2249000 | 12.88 | 2204.7  | 1.0 | 0.079215 | 2066.7294  | 0.9013 | 157.407818354 | 
| 361425 | mc15_13TeV.361425.Sherpa_CT10_Ztautau_Pt70_140_BFilter | 1118400 | 112.36 | 75.852  | 1.0 | 0.131225 | 2066.7294  | 0.9013 | 8.971250612 | 
| 361428 | mc15_13TeV.361428.Sherpa_CT10_Ztautau_Pt140_280_BFilter | 989600 | 596.89 | 11.669  | 1.0 | 0.14208 | 2066.7294  | 0.9013 | 1.494293679 | 
| 361431 | mc15_13TeV.361431.Sherpa_CT10_Ztautau_Pt280_500_BFilter | 300000 | 2484.47 | 0.76011  | 1.0 | 0.158859 | 2066.7294  | 0.9013 | 0.108832258 | 
| 361434 | mc15_13TeV.361434.Sherpa_CT10_Ztautau_Pt500_700_BFilter | 199980 | 25472.11 | 0.046059  | 1.0 | 0.170454 | 2066.7294  | 0.9013 | 0.007076053 | 
| 361437 | mc15_13TeV.361437.Sherpa_CT10_Ztautau_Pt700_1000_BFilter | 30000 | 20506.7 | 0.0081221  | 1.0 | 0.180118 | 2066.7294  | 0.9013 | 0.001318545 | 
| 361440 | mc15_13TeV.361440.Sherpa_CT10_Ztautau_Pt1000_2000_BFilter | 20000 | 111527.61 | 0.0010645  | 1.0 | 0.168462 | 2066.7294  | 0.9013 | 0.000161628 | 
| 361443 | mc15_13TeV.361443.Sherpa_CT10_Ztautau_Pt2000_E_CMS_BFilter | 9960 | 9111394.77 | 4.3578e-06  | 1.0 | 0.250846 | 2066.7294  | 0.9013 | 9.85e-07 | 
| 361446 | mc15_13TeV.361446.Sherpa_CT10_Znunu_Pt0_70_BFilter | 7978000 | 8.35 | 11940.0  | 1.0 | 0.080032 | 11373.  | 0.9141 | 873.497579328 | 
| 361449 | mc15_13TeV.361449.Sherpa_CT10_Znunu_Pt70_140_BFilter | 4428600 | 77.92 | 427.81  | 1.0 | 0.132849 | 11373.  | 0.9141 | 51.952078864 | 
| 361452 | mc15_13TeV.361452.Sherpa_CT10_Znunu_Pt140_280_BFilter | 4925900 | 508.1 | 65.654  | 1.0 | 0.147665 | 11373.  | 0.9141 | 8.86201477 | 
| 361455 | mc15_13TeV.361455.Sherpa_CT10_Znunu_Pt280_500_BFilter | 1600000 | 2322.53 | 4.2591  | 1.0 | 0.161749 | 11373.  | 0.9141 | 0.629728212 | 
| 361458 | mc15_13TeV.361458.Sherpa_CT10_Znunu_Pt500_700_BFilter | 510000 | 12142.95 | 0.25465  | 1.0 | 0.164931 | 11373.  | 0.9141 | 0.038391907 | 
| 361461 | mc15_13TeV.361461.Sherpa_CT10_Znunu_Pt700_1000_BFilter | 100000 | 13728.66 | 0.044661  | 1.0 | 0.163096 | 11373.  | 0.9141 | 0.006658332 | 
| 361464 | mc15_13TeV.361464.Sherpa_CT10_Znunu_Pt1000_2000_BFilter | 29980 | 26323.27 | 0.0057757  | 1.0 | 0.197191 | 11373.  | 0.9141 | 0.001041083 | 
| 361467 | mc15_13TeV.361467.Sherpa_CT10_Znunu_Pt2000_E_CMS_BFilter | 9910 | 1958360.57 | 2.3457e-05  | 1.0 | 0.215729 | 11373.  | 0.9141 | 4.626e-06 | 
| 407102 | mc15_13TeV.407102.Sherpa_CT10_Zee_LO_Pt0_70_BFilter | 2000000 | 11.49 | 2015.2  | 1.0 | 0.086403 | Undefined  | 1.0 | 174.1193256 | 
| 407105 | mc15_13TeV.407105.Sherpa_CT10_Zee_LO_Pt70_140_BFilter | 300000 | 31.97 | 67.357  | 1.0 | 0.13931 | Undefined  | 1.0 | 9.38350367 | 
| 407108 | mc15_13TeV.407108.Sherpa_CT10_Zee_LO_Pt140_280_BFilter | 50000 | 32.24 | 10.642  | 1.0 | 0.14572 | Undefined  | 1.0 | 1.55075224 | 
| 407111 | mc15_13TeV.407111.Sherpa_CT10_Zee_LO_Pt280_500_BFilter | 300000 | 2548.61 | 0.77903  | 1.0 | 0.1511 | Undefined  | 1.0 | 0.117711433 | 
| 407114 | mc15_13TeV.407114.Sherpa_CT10_Zee_LO_Pt500_700_BFilter | 200000 | 26342.29 | 0.048644  | 1.0 | 0.15608 | Undefined  | 1.0 | 0.007592356 | 
| 407117 | mc15_13TeV.407117.Sherpa_CT10_Zee_LO_Pt700_1000_BFilter | 30000 | 21442.37 | 0.00874  | 1.0 | 0.16008 | Undefined  | 1.0 | 0.001399099 | 
| 407120 | mc15_13TeV.407120.Sherpa_CT10_Zee_LO_Pt1000_E_CMS_BFilter | 20000 | 102824.41 | 0.0011871  | 1.0 | 0.16385 | Undefined  | 1.0 | 0.000194506 | 
| 407123 | mc15_13TeV.407123.Sherpa_CT10_Zmumu_LO_Pt0_70_BFilter | 2000000 | 11.5 | 2015.2  | 1.0 | 0.086335 | Undefined  | 1.0 | 173.982292 | 
| 407126 | mc15_13TeV.407126.Sherpa_CT10_Zmumu_LO_Pt70_140_BFilter | 300000 | 31.96 | 67.323  | 1.0 | 0.13944 | Undefined  | 1.0 | 9.38751912 | 
| 407129 | mc15_13TeV.407129.Sherpa_CT10_Zmumu_LO_Pt140_280_BFilter | 50000 | 32.33 | 10.658  | 1.0 | 0.1451 | Undefined  | 1.0 | 1.5464758 | 
| 407132 | mc15_13TeV.407132.Sherpa_CT10_Zmumu_LO_Pt280_500_BFilter | 300000 | 2544.8 | 0.77937  | 1.0 | 0.15126 | Undefined  | 1.0 | 0.117887506 | 
| 407135 | mc15_13TeV.407135.Sherpa_CT10_Zmumu_LO_Pt500_700_BFilter | 200000 | 26205.75 | 0.048645  | 1.0 | 0.15689 | Undefined  | 1.0 | 0.007631914 | 
| 407138 | mc15_13TeV.407138.Sherpa_CT10_Zmumu_LO_Pt700_1000_BFilter | 30000 | 21548.97 | 0.008789  | 1.0 | 0.1584 | Undefined  | 1.0 | 0.001392178 | 
| 407141 | mc15_13TeV.407141.Sherpa_CT10_Zmumu_LO_Pt1000_E_CMS_BFilter | 20000 | 103978.26 | 0.0011847  | 1.0 | 0.16236 | Undefined  | 1.0 | 0.000192348 | 
| 407144 | mc15_13TeV.407144.Sherpa_CT10_Ztautau_LO_Pt0_70_BFilter | 2000000 | 11.49 | 2015.1  | 1.0 | 0.086399 | Undefined  | 1.0 | 174.1026249 | 
| 407147 | mc15_13TeV.407147.Sherpa_CT10_Ztautau_LO_Pt70_140_BFilter | 300000 | 32.08 | 67.331  | 1.0 | 0.13889 | Undefined  | 1.0 | 9.35160259 | 
| 407150 | mc15_13TeV.407150.Sherpa_CT10_Ztautau_LO_Pt140_280_BFilter | 50000 | 32.43 | 10.637  | 1.0 | 0.14494 | Undefined  | 1.0 | 1.54172678 | 
| 407153 | mc15_13TeV.407153.Sherpa_CT10_Ztautau_LO_Pt280_500_BFilter | 300000 | 2551.72 | 0.77906  | 1.0 | 0.15091 | Undefined  | 1.0 | 0.117567945 | 
| 407156 | mc15_13TeV.407156.Sherpa_CT10_Ztautau_LO_Pt500_700_BFilter | 200000 | 26284.13 | 0.048655  | 1.0 | 0.15639 | Undefined  | 1.0 | 0.007609155 | 
| 407159 | mc15_13TeV.407159.Sherpa_CT10_Ztautau_LO_Pt700_1000_BFilter | 30000 | 21417.8 | 0.0087692  | 1.0 | 0.15973 | Undefined  | 1.0 | 0.001400704 | 
| 407162 | mc15_13TeV.407162.Sherpa_CT10_Ztautau_LO_Pt1000_E_CMS_BFilter | 20000 | 102813.1 | 0.0011847  | 1.0 | 0.1642 | Undefined  | 1.0 | 0.000194528 | 
| 407165 | mc15_13TeV.407165.Sherpa_CT10_Znunu_LO_Pt0_70_BFilter | 7000000 | 7.26 | 10919.0  | 1.0 | 0.088293 | Undefined  | 1.0 | 964.071267 | 
| 407168 | mc15_13TeV.407168.Sherpa_CT10_Znunu_LO_Pt70_140_BFilter | 1999500 | 37.52 | 378.98  | 1.0 | 0.14063 | Undefined  | 1.0 | 53.2959574 | 
| 407171 | mc15_13TeV.407171.Sherpa_CT10_Znunu_LO_Pt140_280_BFilter | 350000 | 39.9 | 60.04  | 1.0 | 0.14611 | Undefined  | 1.0 | 8.7724444 | 
| 407174 | mc15_13TeV.407174.Sherpa_CT10_Znunu_LO_Pt280_500_BFilter | 500000 | 754.44 | 4.3544  | 1.0 | 0.1522 | Undefined  | 1.0 | 0.66273968 | 
| 407177 | mc15_13TeV.407177.Sherpa_CT10_Znunu_LO_Pt500_700_BFilter | 300000 | 7112.22 | 0.2686  | 1.0 | 0.15704 | Undefined  | 1.0 | 0.042180944 | 
| 407180 | mc15_13TeV.407180.Sherpa_CT10_Znunu_LO_Pt700_1000_BFilter | 100000 | 12953.83 | 0.048164  | 1.0 | 0.16028 | Undefined  | 1.0 | 0.007719726 | 
| 407183 | mc15_13TeV.407183.Sherpa_CT10_Znunu_LO_Pt1000_E_CMS_BFilter | 30000 | 28453.28 | 0.0064412  | 1.0 | 0.16369 | Undefined  | 1.0 | 0.00105436 | 
