| DSID |  Sample  | Total events | Sample Lumi [fb-1] | AMIXsec [pb] | BR  | FiltEff | Total higher order xsec [pb] | K-factor | Higher order xsec sample [pb] | 
| 363104 | mc15_13TeV.363104.Sherpa_NNPDF30NNLO_Ztautau_Pt70_140_BFilter | 1100000 | 121.44 | 71.679  | 1.0 | 0.12637 | 2107.0  | 0.9751 | 8.832529157 | 
| 363107 | mc15_13TeV.363107.Sherpa_NNPDF30NNLO_Ztautau_Pt140_280_BFilter | 996000 | 624.4 | 11.078  | 1.0 | 0.14399 | 2107.0  | 0.9751 | 1.555402702 | 
| 363110 | mc15_13TeV.363110.Sherpa_NNPDF30NNLO_Ztautau_Pt280_500_BFilter | 300000 | 2352.96 | 0.83458  | 1.0 | 0.15277 | 2107.0  | 0.9751 | 0.124324067 | 
| 363113 | mc15_13TeV.363113.Sherpa_NNPDF30NNLO_Ztautau_Pt500_700_BFilter | 200000 | 23890.26 | 0.052708  | 1.0 | 0.15883 | 2107.0  | 0.9751 | 0.008163159 | 
| 363116 | mc15_13TeV.363116.Sherpa_NNPDF30NNLO_Ztautau_Pt700_1000_BFilter | 28400 | 18788.1 | 0.0095039  | 1.0 | 0.15905 | 2107.0  | 0.9751 | 0.001473957 | 
| 363119 | mc15_13TeV.363119.Sherpa_NNPDF30NNLO_Ztautau_Pt1000_2000_BFilter | 19300 | 129943.41 | 0.0012661  | 1.0 | 0.11731 | 2107.0  | 0.9751 | 0.000144828 | 
| 363363 | mc15_13TeV.363363.Sherpa_NNPDF30NNLO_Ztautau_Pt0_70_BFilter | 2000000 | 13.88 | 2078.8  | 1.0 | 0.069319 | 2107.0  | 0.9751 | 140.512238804 | 
| 363366 | mc15_13TeV.363366.Sherpa_NNPDF30NNLO_Zmumu_Pt0_70_BFilter | 2000000 | 13.68 | 2077.6  | 1.0 | 0.070383 | 2107.0  | 0.9751 | 142.586650552 | 
| 363369 | mc15_13TeV.363369.Sherpa_NNPDF30NNLO_Zmumu_Pt70_140_BFilter | 1077500 | 117.99 | 71.574  | 1.0 | 0.12759 | 2107.0  | 0.9751 | 8.904736706 | 
| 363372 | mc15_13TeV.363372.Sherpa_NNPDF30NNLO_Zmumu_Pt140_280_BFilter | 1000000 | 625.87 | 11.078  | 1.0 | 0.14423 | 2107.0  | 0.9751 | 1.557995219 | 
| 363375 | mc15_13TeV.363375.Sherpa_NNPDF30NNLO_Zmumu_Pt280_500_BFilter | 300000 | 2367.4 | 0.83216  | 1.0 | 0.15228 | 2107.0  | 0.9751 | 0.123565964 | 
| 363378 | mc15_13TeV.363378.Sherpa_NNPDF30NNLO_Zmumu_Pt500_700_BFilter | 200000 | 25476.88 | 0.053414  | 1.0 | 0.14697 | 2107.0  | 0.9751 | 0.007654784 | 
| 363381 | mc15_13TeV.363381.Sherpa_NNPDF30NNLO_Zmumu_Pt700_1000_BFilter | 30000 | 19563.23 | 0.0095915  | 1.0 | 0.15988 | 2107.0  | 0.9751 | 0.001495305 | 
| 363384 | mc15_13TeV.363384.Sherpa_NNPDF30NNLO_Zmumu_Pt1000_2000_BFilter | 20000 | 105595.7 | 0.0012306  | 1.0 | 0.15391 | 2107.0  | 0.9751 | 0.000184686 | 
| 363387 | mc15_13TeV.363387.Sherpa_NNPDF30NNLO_Zmumu_Pt2000_E_CMS_BFilter | 10000 | 14566075.15 | 4.7171e-06  | 1.0 | 0.14554 | 2107.0  | 0.9751 | 6.69e-07 | 
| 363390 | mc15_13TeV.363390.Sherpa_NNPDF30NNLO_Zee_Pt0_70_BFilter | 2000000 | 13.88 | 2074.0  | 1.0 | 0.069482 | 2107.0  | 0.9751 | 140.517436867 | 
| 363393 | mc15_13TeV.363393.Sherpa_NNPDF30NNLO_Zee_Pt70_140_BFilter | 1100000 | 121.04 | 71.744  | 1.0 | 0.12667 | 2107.0  | 0.9751 | 8.861525949 | 
| 363396 | mc15_13TeV.363396.Sherpa_NNPDF30NNLO_Zee_Pt140_280_BFilter | 1000000 | 625.22 | 10.952  | 1.0 | 0.14604 | 2107.0  | 0.9751 | 1.559604271 | 
| 363399 | mc15_13TeV.363399.Sherpa_NNPDF30NNLO_Zee_Pt280_500_BFilter | 300000 | 2378.27 | 0.83251  | 1.0 | 0.15152 | 2107.0  | 0.9751 | 0.123000982 | 
| 363402 | mc15_13TeV.363402.Sherpa_NNPDF30NNLO_Zee_Pt500_700_BFilter | 200000 | 24472.78 | 0.052964  | 1.0 | 0.1543 | 2107.0  | 0.9751 | 0.007968854 | 
| 363405 | mc15_13TeV.363405.Sherpa_NNPDF30NNLO_Zee_Pt700_1000_BFilter | 30000 | 19570.84 | 0.0096257  | 1.0 | 0.15925 | 2107.0  | 0.9751 | 0.001494724 | 
| 363408 | mc15_13TeV.363408.Sherpa_NNPDF30NNLO_Zee_Pt1000_2000_BFilter | 20000 | 102970.14 | 0.0012502  | 1.0 | 0.15536 | 2107.0  | 0.9751 | 0.000189395 | 
| 363411 | mc15_13TeV.363411.Sherpa_NNPDF30NNLO_Zee_Pt2000_E_CMS_BFilter | 10000 | 13956928.1 | 4.6041e-06  | 1.0 | 0.15562 | 2107.0  | 0.9751 | 6.99e-07 | 
| 363414 | mc15_13TeV.363414.Sherpa_NNPDF30NNLO_Znunu_Pt0_70_BFilter | 5000000 | 6.26 | 11215.0  | 1.0 | 0.071258 | 11373.  | 0.9728 | 777.421359616 | 
| 363417 | mc15_13TeV.363417.Sherpa_NNPDF30NNLO_Znunu_Pt70_140_BFilter | 2500000 | 49.63 | 404.51  | 1.0 | 0.12454 | 11373.  | 0.9728 | 49.007402629 | 
| 363420 | mc15_13TeV.363420.Sherpa_NNPDF30NNLO_Znunu_Pt140_280_BFilter | 1999900 | 221.74 | 62.295  | 1.0 | 0.14478 | 11373.  | 0.9728 | 8.773751393 | 
| 363423 | mc15_13TeV.363423.Sherpa_NNPDF30NNLO_Znunu_Pt280_500_BFilter | 1000000 | 1383.35 | 4.6176  | 1.0 | 0.15655 | 11373.  | 0.9728 | 0.7032228 | 
| 363426 | mc15_13TeV.363426.Sherpa_NNPDF30NNLO_Znunu_Pt500_700_BFilter | 600000 | 13156.22 | 0.28777  | 1.0 | 0.15848 | 11373.  | 0.9728 | 0.044365312 | 
| 363429 | mc15_13TeV.363429.Sherpa_NNPDF30NNLO_Znunu_Pt700_1000_BFilter | 100000 | 12388.41 | 0.051549  | 1.0 | 0.15659 | 11373.  | 0.9728 | 0.007852498 | 
| 363432 | mc15_13TeV.363432.Sherpa_NNPDF30NNLO_Znunu_Pt1000_2000_BFilter | 50000 | 46915.33 | 0.0063178  | 1.0 | 0.16869 | 11373.  | 0.9728 | 0.001036761 | 
| 363435 | mc15_13TeV.363435.Sherpa_NNPDF30NNLO_Znunu_Pt2000_E_CMS_BFilter | 30000 | 7016047.48 | 2.5243e-05  | 1.0 | 0.16939 | 11373.  | 0.9728 | 4.16e-06 | 
