| DSID |  Sample  | Total events | Sample Lumi [fb-1] | AMIXsec [pb] | BR  | FiltEff | Total higher order xsec [pb] | K-factor | Higher order xsec sample [pb] | 
| 363331 | mc15_13TeV.363331.Sherpa_NNPDF30NNLO_Wtaunu_Pt0_70_CVetoBVeto | 20000000 | 1.23 | 20024.0  | 1.0 | 0.81442 | 20079.9707  | 0.9702 | 15821.9692868 | 
| 363334 | mc15_13TeV.363334.Sherpa_NNPDF30NNLO_Wtaunu_Pt70_140_CVetoBVeto | 4500000 | 11.62 | 589.14  | 1.0 | 0.6574 | 20079.9707  | 0.9702 | 375.759077047 | 
| 363337 | mc15_13TeV.363337.Sherpa_NNPDF30NNLO_Wtaunu_Pt140_280_CVetoBVeto | 4000000 | 77.35 | 84.22  | 1.0 | 0.61404 | 20079.9707  | 0.9702 | 50.173358226 | 
| 363340 | mc15_13TeV.363340.Sherpa_NNPDF30NNLO_Wtaunu_Pt280_500_CVetoBVeto | 1000000 | 281.18 | 6.0858  | 1.0 | 0.58438 | 20079.9707  | 0.9702 | 3.450438494 | 
| 363343 | mc15_13TeV.363343.Sherpa_NNPDF30NNLO_Wtaunu_Pt500_700_CVetoBVeto | 500000 | 2311.25 | 0.38105  | 1.0 | 0.56773 | 20079.9707  | 0.9702 | 0.209886778 | 
| 363346 | mc15_13TeV.363346.Sherpa_NNPDF30NNLO_Wtaunu_Pt700_1000_CVetoBVeto | 200000 | 4865.02 | 0.073222  | 1.0 | 0.56144 | 20079.9707  | 0.9702 | 0.039884689 | 
| 363349 | mc15_13TeV.363349.Sherpa_NNPDF30NNLO_Wtaunu_Pt1000_2000_CVetoBVeto | 10000 | 1992.99 | 0.0090285  | 1.0 | 0.55575 | 20079.9707  | 0.9702 | 0.004868065 | 
| 363352 | mc15_13TeV.363352.Sherpa_NNPDF30NNLO_Wtaunu_Pt2000_E_CMS_CVetoBVeto | 10000 | 681083.56 | 2.6193e-05  | 1.0 | 0.56055 | 20079.9707  | 0.9702 | 1.4245e-05 | 
| 363436 | mc15_13TeV.363436.Sherpa_NNPDF30NNLO_Wmunu_Pt0_70_CVetoBVeto | 20000000 | 1.23 | 20011.0  | 1.0 | 0.81357 | 20079.9707  | 0.9702 | 15795.1948618 | 
| 363439 | mc15_13TeV.363439.Sherpa_NNPDF30NNLO_Wmunu_Pt70_140_CVetoBVeto | 4500000 | 11.56 | 589.74  | 1.0 | 0.66021 | 20079.9707  | 0.9702 | 377.749548487 | 
| 363442 | mc15_13TeV.363442.Sherpa_NNPDF30NNLO_Wmunu_Pt140_280_CVetoBVeto | 4000000 | 77.43 | 84.068  | 1.0 | 0.61447 | 20079.9707  | 0.9702 | 50.117877494 | 
| 363445 | mc15_13TeV.363445.Sherpa_NNPDF30NNLO_Wmunu_Pt280_500_CVetoBVeto | 1000000 | 262.83 | 6.5041  | 1.0 | 0.58498 | 20079.9707  | 0.9702 | 3.691386319 | 
| 363448 | mc15_13TeV.363448.Sherpa_NNPDF30NNLO_Wmunu_Pt500_700_CVetoBVeto | 500000 | 2273.93 | 0.38798  | 1.0 | 0.56674 | 20079.9707  | 0.9702 | 0.213331248 | 
| 363451 | mc15_13TeV.363451.Sherpa_NNPDF30NNLO_Wmunu_Pt700_1000_CVetoBVeto | 200000 | 5228.62 | 0.068303  | 1.0 | 0.56002 | 20079.9707  | 0.9702 | 0.037111165 | 
| 363454 | mc15_13TeV.363454.Sherpa_NNPDF30NNLO_Wmunu_Pt1000_2000_CVetoBVeto | 10000 | 2026.07 | 0.0089461  | 1.0 | 0.55171 | 20079.9707  | 0.9702 | 0.00478857 | 
| 363457 | mc15_13TeV.363457.Sherpa_NNPDF30NNLO_Wmunu_Pt2000_E_CMS_CVetoBVeto | 10000 | 785690.12 | 2.6342e-05  | 1.0 | 0.48317 | 20079.9707  | 0.9702 | 1.2348e-05 | 
| 363460 | mc15_13TeV.363460.Sherpa_NNPDF30NNLO_Wenu_Pt0_70_CVetoBVeto | 20000000 | 1.23 | 20029.0  | 1.0 | 0.81379 | 20079.9707  | 0.9702 | 15813.6777927 | 
| 363463 | mc15_13TeV.363463.Sherpa_NNPDF30NNLO_Wenu_Pt70_140_CVetoBVeto | 4500000 | 11.6 | 588.04  | 1.0 | 0.65978 | 20079.9707  | 0.9702 | 376.41531567 | 
| 363466 | mc15_13TeV.363466.Sherpa_NNPDF30NNLO_Wenu_Pt140_280_CVetoBVeto | 4000000 | 77.29 | 84.102  | 1.0 | 0.61538 | 20079.9707  | 0.9702 | 50.212399035 | 
| 363469 | mc15_13TeV.363469.Sherpa_NNPDF30NNLO_Wenu_Pt280_500_CVetoBVeto | 1000000 | 282.18 | 6.0923  | 1.0 | 0.58169 | 20079.9707  | 0.9702 | 3.438223853 | 
| 363472 | mc15_13TeV.363472.Sherpa_NNPDF30NNLO_Wenu_Pt500_700_CVetoBVeto | 500000 | 2293.31 | 0.38167  | 1.0 | 0.57124 | 20079.9707  | 0.9702 | 0.211528021 | 
| 363475 | mc15_13TeV.363475.Sherpa_NNPDF30NNLO_Wenu_Pt700_1000_CVetoBVeto | 200000 | 5249.41 | 0.068378  | 1.0 | 0.55719 | 20079.9707  | 0.9702 | 0.036964172 | 
| 363478 | mc15_13TeV.363478.Sherpa_NNPDF30NNLO_Wenu_Pt1000_2000_CVetoBVeto | 10000 | 2088.68 | 0.0087439  | 1.0 | 0.54755 | 20079.9707  | 0.9702 | 0.004645048 | 
| 363481 | mc15_13TeV.363481.Sherpa_NNPDF30NNLO_Wenu_Pt2000_E_CMS_CVetoBVeto | 10000 | 747862.72 | 3.1287e-05  | 1.0 | 0.42738 | 20079.9707  | 0.9702 | 1.2973e-05 | 
